FEAP : Cantilever beam with end traction: 8x2 quad elements
   69   16    1    2    2    8    4    1   10    0    0    0    
COOR
    1    8       0.0      -1.0
   65    0       8.0      -1.0
    6    8       0.5      -1.0
   62    0       7.5      -1.0
    2    8       0.0      -0.5
   66    0       8.0      -0.5
    3    8       0.0       0.0
   67    0       8.0       0.0
    7    8       0.5       0.0
   63    0       7.5       0.0
    4    8       0.0       0.5
   68    0       8.0       0.5
    5    8       0.0       1.0
   69    0       8.0       1.0
    8    8       0.5       1.0
   64    0       7.5       1.0

ELEM
    1    1    1    9   11    3    6   10    7    2    8
    8    1   57   65   67   59   62   66   63   58    0
    9    1    3   11   13    5    7   12    8    4    8
   16    1   59   67   69   61   63   68   64   60    0


MATE
    1    1 
       0.0       0.0         1       0.0
    1000.0      0.25

BOUN
    1    0    1    0
    3    0    1    1
    5    0    1    0

FORC
    1    0    1    1 
       0.0   -0.0250
    2    0    1    1
      -8.0   -0.7000    
    4    0    1    1 
       8.0   -0.7000
    5    0    1    1
       0.0   -0.0250       
   65    0    1    1
       0.0    0.0250
   66    0    1    1
       0.0    0.7000
   67    0    1    1
       0.0    0.5500
   68    0    1    1
       0.0    0.7000
   69    0    1    1
       0.0    0.0250


SET
    1    4
    1    9    4   12
SET
    2    1
   67


END
MACR
PRIN
TANG
FORM
SOLV
CEQS
DISP
PRTS DISP          2
PRTS               1
END
STOP
