Elem connectivities
   72       74       63       61
   74       75       64       63
   61       63       50       48
   63       64       51       50
   75       73       62       64
   73       71       60       62
   64       62       49       51
   62       60       47       49
   71       70       59       60
   70       69       58       59
   60       59       46       47
   59       58       45       46
   48       50       35       33
   50       51       36       35
   33       35       18       16
   35       36       19       18
   51       49       34       36
   49       47       32       34
   36       34       17       19
   34       32       15       17
   47       46       31       32
   46       45       30       31
   32       31       14       15
   31       30       13       14
   13       12       29       30
   12       11       28       29
   30       29       44       45
   29       28       43       44
   11       10       27       28
   10        9        8       27
   28       27       26       43
   27        8        7       26
   45       44       57       58
   44       43       42       57
   58       57       56       69
   57       42       41       56
   43       26       25       42
   26        7        6       25
   42       25       24       41
   25        6        5       24
    5        4       23       24
    4        3       22       23
   24       23       40       41
   23       22       39       40
    3        2       21       22
    2        1       20       21
   22       21       38       39
   21       20       37       38
   41       40       55       56
   40       39       54       55
   56       55       68       69
   55       54       67       68
   39       38       53       54
   38       37       52       53
   54       53       66       67
   53       52       65       66
  245      250      247      244
  250      251      248      247
  244      247      240      238
  247      248      241      240
  251      249      246      248
  249      243      242      246
  248      246      239      241
  246      242      237      239
  243      236      235      242
  236      227      226      235
  242      235      234      237
  235      226      225      234
  238      240      232      230
  240      241      233      232
  230      232      222      220
  232      233      223      222
  241      239      231      233
  239      237      229      231
  233      231      221      223
  231      229      219      221
  237      234      228      229
  234      225      224      228
  229      228      218      219
  228      224      217      218
  220      222      210      208
  222      223      211      210
  208      210      196      194
  210      211      197      196
  223      221      209      211
  221      219      207      209
  211      209      195      197
  209      207      193      195
  219      218      206      207
  218      217      205      206
  207      206      192      193
  206      205      191      192
  194      196      180      178
  196      197      181      180
  178      180      162      160
  180      181      163      162
  197      195      179      181
  195      193      177      179
  181      179      161      163
  179      177      159      161
  193      192      176      177
  192      191      175      176
  177      176      158      159
  176      175      157      158
  160      162      151      149
  162      163      152      151
  149      151      140      138
  151      152      141      140
  163      161      150      152
  161      159      148      150
  152      150      139      141
  150      148      137      139
  159      158      147      148
  158      157      146      147
  148      147      136      137
  147      146      135      136
  138      140      129      127
  140      141      130      129
  127      129      118      116
  129      130      119      118
  141      139      128      130
  139      137      126      128
  130      128      117      119
  128      126      115      117
  137      136      125      126
  136      135      124      125
  126      125      114      115
  125      124      113      114
  116      118      107      105
  118      119      108      107
  105      107       96       94
  107      108       97       96
  119      117      106      108
  117      115      104      106
  108      106       95       97
  106      104       93       95
  115      114      103      104
  114      113      102      103
  104      103       92       93
  103      102       91       92
   94       96       85       83
   96       97       86       85
   83       85       74       72
   85       86       75       74
   97       95       84       86
   95       93       82       84
   86       84       73       75
   84       82       71       73
   93       92       81       82
   92       91       80       81
   82       81       70       71
   81       80       69       70
   69       68       79       80
   68       67       78       79
   80       79       90       91
   79       78       89       90
   67       66       77       78
   66       65       76       77
   78       77       88       89
   77       76       87       88
   91       90      101      102
   90       89      100      101
  102      101      112      113
  101      100      111      112
   89       88       99      100
   88       87       98       99
  100       99      110      111
   99       98      109      110
  113      112      123      124
  112      111      122      123
  124      123      134      135
  123      122      133      134
  111      110      121      122
  110      109      120      121
  122      121      132      133
  121      120      131      132
  135      134      145      146
  134      133      144      145
  146      145      156      157
  145      144      155      156
  133      132      143      144
  132      131      142      143
  144      143      154      155
  143      142      153      154
  157      156      174      175
  156      155      173      174
  175      174      190      191
  174      173      189      190
  155      154      172      173
  154      153      164      172
  173      172      182      189
  172      164      165      182
  191      190      204      205
  190      189      198      204
  205      204      212      217
  204      198      199      212
  189      182      183      198
  182      165      166      183
  198      183      184      199
  183      166      167      184
  217      212      213      224
  212      199      200      213
  224      213      214      225
  213      200      201      214
  199      184      185      200
  184      167      168      185
  200      185      186      201
  185      168      169      186
  225      214      215      226
  214      201      202      215
  226      215      216      227
  215      202      203      216
  201      186      187      202
  186      169      170      187
  202      187      188      203
  187      170      171      188
