FEAP : THICK CYLINDER : PLANE STRAIN 
   99   80    1    2    2    4    4    1    5    0    0    0     
COOR
    1    1    0.0000    1.0000
   11    0    0.0000    2.0000
   12    1    0.1951    0.9808
   22    0    0.3902    1.9616
   23    1    0.3827    0.9239
   33    0    0.7654    1.8478
   34    1    0.5556    0.8315
   44    0    1.1111    1.6629
   45    1    0.7071    0.7071
   55    0    1.4142    1.4142
   56    1    0.8315    0.5556
   66    0    1.6629    1.1111
   67    1    0.9239    0.3827
   77    0    1.8478    0.7654
   78    1    0.9808    0.1951
   88    0    1.9616    0.3902
   89    1    1.0000    0.0000
   99    0    2.0000    0.0000

ELEM
    1    1    1   12   13    2    1
   10    1   10   21   22   11    0
   11    1   12   23   24   13    1
   20    1   21   32   33   22    0
   21    1   23   34   35   24    1
   30    1   32   43   44   33    0
   31    1   34   45   46   35    1
   40    1   43   54   55   44    0
   41    1   45   56   57   46    1
   50    1   54   65   66   55    0
   51    1   56   67   68   57    1
   60    1   65   76   77   66    0
   61    1   67   78   79   68    1
   70    1   76   87   88   77    0
   71    1   78   89   90   79    1
   80    1   87   98   99   88    0


MATE
    1    1
       0.0       0.0         1       0.0
     100.0       0.3

BOUN
    1    1   -1    0 
   11    0    1    0 
   89    1    0   -1
   99    0    0    1

FORC
    1    0    1    1
    0.0096    0.0975
   12    0    1    1
    0.0381    0.1913
   23    0    1    1
    0.0747    0.1802
   34    0    1    1
    0.1084    0.1622
   45    0    1    1
    0.1379    0.1379
   56    0    1    1
    0.1622    0.1084
   67    0    1    1
    0.1802    0.0747
   78    0    1    1
    0.1913    0.0381
   89    0    1    1
    0.0975    0.0096

SET
    1   10 
    1    2    3    4    5    6    7    8    9   10
SET
    2   10 
   31   32   33   34   35   36   37   38   39   40
SET
    3   10 
   71   72   73   74   75   76   77   78   79   80


END
MACR
PRIN
TANG
FORM
SOLV
CEQS
DISP
STRE
PRTS STRE          1
PRTS STRE          2 
PRTS STRE          3 
PRTS DISP          1 
PRTS DISP          2
PRTS DISP          3 
END
STOP
