FEAP : Cantilever beam with end traction: 16x4 elements
   85   64    1    2    2    4    4    1    5    0    0    0    
COOR
    1    5       0.0      -1.0
   81    0       8.0      -1.0
    2    5       0.0      -0.5
   82    0       8.0      -0.5
    3    5       0.0       0.0
   83    0       8.0       0.0
    4    5       0.0       0.5
   84    0       8.0       0.5
    5    5       0.0       1.0
   85    0       8.0       1.0

ELEM
    1    1    1    6    7    2    5
   16    1   76   81   82   77    0
   17    1    2    7    8    3    5
   32    1   77   82   83   78    0
   33    1    3    8    9    4    5
   48    1   78   83   84   79    0
   49    1    4    9   10    5    5
   64    1   79   84   85   80    0


MATE
    1    1 
       0.0       0.0         1       0.0
    1000.0      0.25

BOUN
    1    0    1    0
    3    0    1    1
    5    0    1    0

FORC
    1    0    1    1 
       0.0   -0.1094
    2    0    1    1
      -6.0   -0.5312    
    4    0    1    1 
       6.0   -0.5312
    5    0    1    1
       0.0   -0.1094       
   81    0    1    1
       0.0    0.1094
   82    0    1    1
       0.0    0.5312
   83    0    1    1
       0.0    0.7188
   84    0    1    1
       0.0    0.5312
   85    0    1    1
       0.0    0.1094


SET
    1    8
    1   17   33   49    8   24   40   56 
SET
    2    1
   83


END
MACR
PRIN
TANG
FORM
SOLV
CEQS
DISP
PRTS DISP          2
PRTS               1
END
STOP
