FEAP : Cantilever beam with end traction: 16x8 elements
  153  128    1    2    2    4    4    1    5    0    0    0    
COOR
    1    9       0.0      -1.0
  145    0       8.0      -1.0
    2    9       0.0     -0.75
  146    0       8.0     -0.75
    3    9       0.0      -0.5
  147    0       8.0      -0.5
    4    9       0.0     -0.25
  148    0       8.0     -0.25
    5    9       0.0       0.0
  149    0       8.0       0.0
    6    9       0.0      0.25
  150    0       8.0      0.25
    7    9       0.0       0.5
  151    0       8.0       0.5
    8    9       0.0      0.75
  152    0       8.0      0.75
    9    9       0.0       1.0
  153    0       8.0       1.0

ELEM
    1    1    1   10   11    2    9
   16    1  136  145  146  137    0
   17    1    2   11   12    3    9
   32    1  137  146  147  138    0
   33    1    3   12   13    4    9
   48    1  138  147  148  139    0
   49    1    4   13   14    5    9
   64    1  139  148  149  140    0
   65    1    5   14   15    6    9
   80    1  140  149  150  141    0
   81    1    6   15   16    7    9
   96    1  141  150  151  142    0
   97    1    7   16   17    8    9
  112    1  142  151  152  143    0
  113    1    8   17   18    9    9
  128    1  143  152  153  144    0


MATE
    1    1 
       0.0       0.0         1       0.0
    1000.0     0.499

BOUN
    1    0    1    0
    5    0    1    1
    9    0    1    0

FORC
    1    0    1    1 
       0.0   -0.0293
    2    0    1    1
      -4.5   -0.1601  
    3    0    1    1
        -3   -0.2773   
    4    0    1    1 
      -1.5   -0.3476
    6    0    1    1 
       1.5   -0.3476
    7    0    1    1
         3   -0.2773  
    8    0    1    1
       4.5   -0.1601   
    9    0    1    1 
         0   -0.0293       
  145    0    1    1
       0.0    0.0293
  146    0    1    1
       0.0    0.1601
  147    0    1    1
       0.0    0.2773
  148    0    1    1
       0.0    0.3476
  149    0    1    1
       0.0    0.3710
  150    0    1    1
       0.0    0.3476
  151    0    1    1
       0.0    0.2773
  152    0    1    1
       0.0    0.1601
  153    0    1    1
       0.0    0.0293


SET
    1   16
    1   17   33   49   65   81   97  113    8   24   40   56   72   88  104
  120 
SET
    2    1
  149


END
MACR
PRIN
TANG
FORM
SOLV
CEQS
DISP
PRTS DISP          2
PRTS               1
END
STOP
