FEAP : Cantilever beam with end traction: 16x4 distorted elements
   85   64    1    2    2    4    4    1    5    0    0    0    
COOR
    1    0    8.0000    1.0000
    2    0    8.0000    0.5000
    3    0    8.0000    0.0000
    4    0    8.0000    -0.5000
    5    0    8.0000    -1.0000
    6    0    7.6150    1.0000
    7    0    7.6625    0.5000
    8    0    7.7100    0.0000
    9    0    7.7575    -0.5000
   10    0    7.8050    -1.0000
   11    0    7.2300    1.0000
   12    0    7.3250    0.5000
   13    0    7.4200    0.0000
   14    0    7.5150    -0.5000
   15    0    7.6100    -1.0000
   16    0    6.8500    1.0000
   17    0    6.8500    0.5000
   18    0    6.8500    0.0000
   19    0    6.8500    -0.5000
   20    0    6.8500    -1.0000
   21    0    6.4700    1.0000
   22    0    6.3750    0.5000
   23    0    6.2800    0.0000
   24    0    6.1850    -0.5000
   25    0    6.0900    -1.0000
   26    0    5.7100    1.0000
   27    0    5.7100    0.5000
   28    0    5.7100    0.0000
   29    0    5.7100    -0.5000
   30    0    5.7100    -1.0000
   31    0    4.9500    1.0000
   32    0    5.0450    0.5000
   33    0    5.1400    0.0000
   34    0    5.2350    -0.5000
   35    0    5.3300    -1.0000
   36    0    4.5700    1.0000
   37    0    4.5700    0.5000
   38    0    4.5700    0.0000
   39    0    4.5700    -0.5000
   40    0    4.5700    -1.0000
   41    0    4.1900    1.0000
   42    0    4.0950    0.5000
   43    0    4.0000    0.0000
   44    0    3.9050    -0.5000
   45    0    3.8100    -1.0000
   46    0    3.4300    1.0000
   47    0    3.4300    0.5000
   48    0    3.4300    0.0000
   49    0    3.4300    -0.5000
   50    0    3.4300    -1.0000
   51    0    2.6700    1.0000
   52    0    2.7650    0.5000
   53    0    2.8600    0.0000
   54    0    2.9550    -0.5000
   55    0    3.0500    -1.0000
   56    0    2.2900    1.0000
   57    0    2.2900    0.5000
   58    0    2.2900    0.0000
   59    0    2.2900    -0.5000
   60    0    2.2900    -1.0000
   61    0    1.9100    1.0000
   62    0    1.8150    0.5000
   63    0    1.7200    0.0000
   64    0    1.6250    -0.5000
   65    0    1.5300    -1.0000
   66    0    1.1500    1.0000
   67    0    1.1500    0.5000
   68    0    1.1500    0.0000
   69    0    1.1500    -0.5000
   70    0    1.1500    -1.0000
   71    0    0.3900    1.0000
   72    0    0.1950    1.0000
   73    0    0.0000    1.0000
   74    0    0.4850    0.5000
   75    0    0.5800    0.0000
   76    0    0.6750    -0.5000
   77    0    0.7700    -1.0000
   78    0    0.2425    0.5000
   79    0    0.0000    0.5000
   80    0    0.2900    0.0000
   81    0    0.3375    -0.5000
   82    0    0.3850    -1.0000
   83    0    0.0000    0.0000
   84    0    0.0000    -1.0000
   85    0    0.0000    -0.5000

ELEM
    1    1   73   79   78   72    0
    2    1   79   83   80   78    0
    3    1   83   85   81   80    0
    4    1   85   84   82   81    0
    5    1   72   78   74   71    0
    6    1   78   80   75   74    0
    7    1   80   81   76   75    0
    8    1   81   82   77   76    0
    9    1   71   74   67   66    0
   10    1   74   75   68   67    0
   11    1   75   76   69   68    0
   12    1   76   77   70   69    0
   13    1   66   67   62   61    0
   14    1   67   68   63   62    0
   15    1   68   69   64   63    0
   16    1   69   70   65   64    0
   17    1   61   62   57   56    0
   18    1   62   63   58   57    0
   19    1   63   64   59   58    0
   20    1   64   65   60   59    0
   21    1   56   57   52   51    0
   22    1   57   58   53   52    0
   23    1   58   59   54   53    0
   24    1   59   60   55   54    0
   25    1   51   52   47   46    0
   26    1   52   53   48   47    0
   27    1   53   54   49   48    0
   28    1   54   55   50   49    0
   29    1   46   47   42   41    0
   30    1   47   48   43   42    0
   31    1   48   49   44   43    0
   32    1   49   50   45   44    0
   33    1   41   42   37   36    0
   34    1   42   43   38   37    0
   35    1   43   44   39   38    0
   36    1   44   45   40   39    0
   37    1   36   37   32   31    0
   38    1   37   38   33   32    0
   39    1   38   39   34   33    0
   40    1   39   40   35   34    0
   41    1   31   32   27   26    0
   42    1   32   33   28   27    0
   43    1   33   34   29   28    0
   44    1   34   35   30   29    0
   45    1   26   27   22   21    0
   46    1   27   28   23   22    0
   47    1   28   29   24   23    0
   48    1   29   30   25   24    0
   49    1   21   22   17   16    0
   50    1   22   23   18   17    0
   51    1   23   24   19   18    0
   52    1   24   25   20   19    0
   53    1   16   17   12   11    0
   54    1   17   18   13   12    0
   55    1   18   19   14   13    0
   56    1   19   20   15   14    0
   57    1   11   12    7    6    0
   58    1   12   13    8    7    0
   59    1   13   14    9    8    0
   60    1   14   15   10    9    0
   61    1    6    7    2    1    0
   62    1    7    8    3    2    0
   63    1    8    9    4    3    0
   64    1    9   10    5    4    0


MATE
    1    1 
       0.0       0.0         1       0.0
    1000.0      0.25

BOUN
   84    0    1    0
   83    0    1    1
   73    0    1    0

FORC
   84    0    1    1 
       0.0   -0.1094
   85    0    1    1
      -6.0   -0.5312    
   79    0    1    1 
       6.0   -0.5312
   73    0    1    1
       0.0   -0.1094       
    5    0    1    1
       0.0    0.1094
    4    0    1    1
       0.0    0.5312
    3    0    1    1
       0.0    0.7188
    2    0    1    1
       0.0    0.5312
    1    0    1    1
       0.0    0.1094


SET
    1    1
    3


END
MACR
PRIN
TANG
FORM
SOLV
CEQS
DISP
PRTS DISP          1
END
STOP
