Numnp = 85; Numel = 64
Nodal coordinates
     x              y
  8.000000       1.000000
  8.000000       0.500000
  8.000000       0.000000
  8.000000      -0.500000
  8.000000      -1.000000
  7.615000       1.000000
  7.662500       0.500000
  7.710000       0.000000
  7.757500      -0.500000
  7.805000      -1.000000
  7.230000       1.000000
  7.325000       0.500000
  7.420000       0.000000
  7.515000      -0.500000
  7.610000      -1.000000
  6.850000       1.000000
  6.850000       0.500000
  6.850000       0.000000
  6.850000      -0.500000
  6.850000      -1.000000
  6.470000       1.000000
  6.375000       0.500000
  6.280000       0.000000
  6.185000      -0.500000
  6.090000      -1.000000
  5.710000       1.000000
  5.710000       0.500000
  5.710000       0.000000
  5.710000      -0.500000
  5.710000      -1.000000
  4.950000       1.000000
  5.045000       0.500000
  5.140000       0.000000
  5.235000      -0.500000
  5.330000      -1.000000
  4.570000       1.000000
  4.570000       0.500000
  4.570000       0.000000
  4.570000      -0.500000
  4.570000      -1.000000
  4.190000       1.000000
  4.095000       0.500000
  4.000000       0.000000
  3.905000      -0.500000
  3.810000      -1.000000
  3.430000       1.000000
  3.430000       0.500000
  3.430000       0.000000
  3.430000      -0.500000
  3.430000      -1.000000
  2.670000       1.000000
  2.765000       0.500000
  2.860000       0.000000
  2.955000      -0.500000
  3.050000      -1.000000
  2.290000       1.000000
  2.290000       0.500000
  2.290000       0.000000
  2.290000      -0.500000
  2.290000      -1.000000
  1.910000       1.000000
  1.815000       0.500000
  1.720000       0.000000
  1.625000      -0.500000
  1.530000      -1.000000
  1.150000       1.000000
  1.150000       0.500000
  1.150000       0.000000
  1.150000      -0.500000
  1.150000      -1.000000
  0.390000       1.000000
  0.195000       1.000000
  0.000000       1.000000
  0.485000       0.500000
  0.580000       0.000000
  0.675000      -0.500000
  0.770000      -1.000000
  0.242500       0.500000
  0.000000       0.500000
  0.290000       0.000000
  0.337500      -0.500000
  0.385000      -1.000000
  0.000000       0.000000
  0.000000      -1.000000
  0.000000      -0.500000

Elem connectivities
  73       79       78       72
  79       83       80       78
  83       85       81       80
  85       84       82       81
  72       78       74       71
  78       80       75       74
  80       81       76       75
  81       82       77       76
  71       74       67       66
  74       75       68       67
  75       76       69       68
  76       77       70       69
  66       67       62       61
  67       68       63       62
  68       69       64       63
  69       70       65       64
  61       62       57       56
  62       63       58       57
  63       64       59       58
  64       65       60       59
  56       57       52       51
  57       58       53       52
  58       59       54       53
  59       60       55       54
  51       52       47       46
  52       53       48       47
  53       54       49       48
  54       55       50       49
  46       47       42       41
  47       48       43       42
  48       49       44       43
  49       50       45       44
  41       42       37       36
  42       43       38       37
  43       44       39       38
  44       45       40       39
  36       37       32       31
  37       38       33       32
  38       39       34       33
  39       40       35       34
  31       32       27       26
  32       33       28       27
  33       34       29       28
  34       35       30       29
  26       27       22       21
  27       28       23       22
  28       29       24       23
  29       30       25       24
  21       22       17       16
  22       23       18       17
  23       24       19       18
  24       25       20       19
  16       17       12       11
  17       18       13       12
  18       19       14       13
  19       20       15       14
  11       12        7        6
  12       13        8        7
  13       14        9        8
  14       15       10        9
   6        7        2        1
   7        8        3        2
   8        9        4        3
   9       10        5        4
