 F I N I T E   E L E M E N T   A N A L Y S I S   P R O G R A M
 FEAP : Incompressible beam with end traction: 16x8 elements                     

     NUMBER OF NODAL POINTS       =   153
     NUMBER OF ELEMENTS           =   128
     NUMBER OF MATERIAL SETS      =     1
     DIMENSION OF COORDINATE SPACE=     2
     DEGREES OF FREEDOM/NODE      =     2
     NODES/ELEMENT (MAXIMUM)      =     4
     DIMENSION OF STRESS ARRAY    =     4
     DIMENSION OF INT VAR ARRAY   =     1
     NUMBER OF QUAD PTS/ELEMENT   =     5
     NUMBER OF PROP LD CARDS      =     0
     NUMBER OF DISTR EDG LOADS    =     0
     AUTO STEPPING CODE           =     0
     NUMBER OF SLAVE NODES        =     0
 FEAP : Incompressible beam with end traction: 16x8 elements                     

     NODAL COORDINATES

      NODE      1 COORD      2 COORD
         1       0.0000      -1.0000
         2       0.0000      -0.7500
         3       0.0000      -0.5000
         4       0.0000      -0.2500
         5       0.0000       0.0000
         6       0.0000       0.2500
         7       0.0000       0.5000
         8       0.0000       0.7500
         9       0.0000       1.0000
        10       0.5000      -1.0000
        11       0.5000      -0.7500
        12       0.5000      -0.5000
        13       0.5000      -0.2500
        14       0.5000       0.0000
        15       0.5000       0.2500
        16       0.5000       0.5000
        17       0.5000       0.7500
        18       0.5000       1.0000
        19       1.0000      -1.0000
        20       1.0000      -0.7500
        21       1.0000      -0.5000
        22       1.0000      -0.2500
        23       1.0000       0.0000
        24       1.0000       0.2500
        25       1.0000       0.5000
        26       1.0000       0.7500
        27       1.0000       1.0000
        28       1.5000      -1.0000
        29       1.5000      -0.7500
        30       1.5000      -0.5000
        31       1.5000      -0.2500
        32       1.5000       0.0000
        33       1.5000       0.2500
        34       1.5000       0.5000
        35       1.5000       0.7500
        36       1.5000       1.0000
        37       2.0000      -1.0000
        38       2.0000      -0.7500
        39       2.0000      -0.5000
        40       2.0000      -0.2500
        41       2.0000       0.0000
        42       2.0000       0.2500
        43       2.0000       0.5000
        44       2.0000       0.7500
        45       2.0000       1.0000
        46       2.5000      -1.0000
        47       2.5000      -0.7500
        48       2.5000      -0.5000
        49       2.5000      -0.2500
        50       2.5000       0.0000
 FEAP : Incompressible beam with end traction: 16x8 elements                     

     NODAL COORDINATES

      NODE      1 COORD      2 COORD
        51       2.5000       0.2500
        52       2.5000       0.5000
        53       2.5000       0.7500
        54       2.5000       1.0000
        55       3.0000      -1.0000
        56       3.0000      -0.7500
        57       3.0000      -0.5000
        58       3.0000      -0.2500
        59       3.0000       0.0000
        60       3.0000       0.2500
        61       3.0000       0.5000
        62       3.0000       0.7500
        63       3.0000       1.0000
        64       3.5000      -1.0000
        65       3.5000      -0.7500
        66       3.5000      -0.5000
        67       3.5000      -0.2500
        68       3.5000       0.0000
        69       3.5000       0.2500
        70       3.5000       0.5000
        71       3.5000       0.7500
        72       3.5000       1.0000
        73       4.0000      -1.0000
        74       4.0000      -0.7500
        75       4.0000      -0.5000
        76       4.0000      -0.2500
        77       4.0000       0.0000
        78       4.0000       0.2500
        79       4.0000       0.5000
        80       4.0000       0.7500
        81       4.0000       1.0000
        82       4.5000      -1.0000
        83       4.5000      -0.7500
        84       4.5000      -0.5000
        85       4.5000      -0.2500
        86       4.5000       0.0000
        87       4.5000       0.2500
        88       4.5000       0.5000
        89       4.5000       0.7500
        90       4.5000       1.0000
        91       5.0000      -1.0000
        92       5.0000      -0.7500
        93       5.0000      -0.5000
        94       5.0000      -0.2500
        95       5.0000       0.0000
        96       5.0000       0.2500
        97       5.0000       0.5000
        98       5.0000       0.7500
        99       5.0000       1.0000
       100       5.5000      -1.0000
 FEAP : Incompressible beam with end traction: 16x8 elements                     

     NODAL COORDINATES

      NODE      1 COORD      2 COORD
       101       5.5000      -0.7500
       102       5.5000      -0.5000
       103       5.5000      -0.2500
       104       5.5000       0.0000
       105       5.5000       0.2500
       106       5.5000       0.5000
       107       5.5000       0.7500
       108       5.5000       1.0000
       109       6.0000      -1.0000
       110       6.0000      -0.7500
       111       6.0000      -0.5000
       112       6.0000      -0.2500
       113       6.0000       0.0000
       114       6.0000       0.2500
       115       6.0000       0.5000
       116       6.0000       0.7500
       117       6.0000       1.0000
       118       6.5000      -1.0000
       119       6.5000      -0.7500
       120       6.5000      -0.5000
       121       6.5000      -0.2500
       122       6.5000       0.0000
       123       6.5000       0.2500
       124       6.5000       0.5000
       125       6.5000       0.7500
       126       6.5000       1.0000
       127       7.0000      -1.0000
       128       7.0000      -0.7500
       129       7.0000      -0.5000
       130       7.0000      -0.2500
       131       7.0000       0.0000
       132       7.0000       0.2500
       133       7.0000       0.5000
       134       7.0000       0.7500
       135       7.0000       1.0000
       136       7.5000      -1.0000
       137       7.5000      -0.7500
       138       7.5000      -0.5000
       139       7.5000      -0.2500
       140       7.5000       0.0000
       141       7.5000       0.2500
       142       7.5000       0.5000
       143       7.5000       0.7500
       144       7.5000       1.0000
       145       8.0000      -1.0000
       146       8.0000      -0.7500
       147       8.0000      -0.5000
       148       8.0000      -0.2500
       149       8.0000       0.0000
       150       8.0000       0.2500
 FEAP : Incompressible beam with end traction: 16x8 elements                     

     NODAL COORDINATES

      NODE      1 COORD      2 COORD
       151       8.0000       0.5000
       152       8.0000       0.7500
       153       8.0000       1.0000
 FEAP : Incompressible beam with end traction: 16x8 elements                     

     ELEMENTS

   ELEMENT  MATERIAL  1 NODE  2 NODE  3 NODE  4 NODE
         1         1       1      10      11       2
         2         1      10      19      20      11
         3         1      19      28      29      20
         4         1      28      37      38      29
         5         1      37      46      47      38
         6         1      46      55      56      47
         7         1      55      64      65      56
         8         1      64      73      74      65
         9         1      73      82      83      74
        10         1      82      91      92      83
        11         1      91     100     101      92
        12         1     100     109     110     101
        13         1     109     118     119     110
        14         1     118     127     128     119
        15         1     127     136     137     128
        16         1     136     145     146     137
        17         1       2      11      12       3
        18         1      11      20      21      12
        19         1      20      29      30      21
        20         1      29      38      39      30
        21         1      38      47      48      39
        22         1      47      56      57      48
        23         1      56      65      66      57
        24         1      65      74      75      66
        25         1      74      83      84      75
        26         1      83      92      93      84
        27         1      92     101     102      93
        28         1     101     110     111     102
        29         1     110     119     120     111
        30         1     119     128     129     120
        31         1     128     137     138     129
        32         1     137     146     147     138
        33         1       3      12      13       4
        34         1      12      21      22      13
        35         1      21      30      31      22
        36         1      30      39      40      31
        37         1      39      48      49      40
        38         1      48      57      58      49
        39         1      57      66      67      58
        40         1      66      75      76      67
        41         1      75      84      85      76
        42         1      84      93      94      85
        43         1      93     102     103      94
        44         1     102     111     112     103
        45         1     111     120     121     112
        46         1     120     129     130     121
        47         1     129     138     139     130
        48         1     138     147     148     139
        49         1       4      13      14       5
 FEAP : Incompressible beam with end traction: 16x8 elements                     

     ELEMENTS

   ELEMENT  MATERIAL  1 NODE  2 NODE  3 NODE  4 NODE
        50         1      13      22      23      14
        51         1      22      31      32      23
        52         1      31      40      41      32
        53         1      40      49      50      41
        54         1      49      58      59      50
        55         1      58      67      68      59
        56         1      67      76      77      68
        57         1      76      85      86      77
        58         1      85      94      95      86
        59         1      94     103     104      95
        60         1     103     112     113     104
        61         1     112     121     122     113
        62         1     121     130     131     122
        63         1     130     139     140     131
        64         1     139     148     149     140
        65         1       5      14      15       6
        66         1      14      23      24      15
        67         1      23      32      33      24
        68         1      32      41      42      33
        69         1      41      50      51      42
        70         1      50      59      60      51
        71         1      59      68      69      60
        72         1      68      77      78      69
        73         1      77      86      87      78
        74         1      86      95      96      87
        75         1      95     104     105      96
        76         1     104     113     114     105
        77         1     113     122     123     114
        78         1     122     131     132     123
        79         1     131     140     141     132
        80         1     140     149     150     141
        81         1       6      15      16       7
        82         1      15      24      25      16
        83         1      24      33      34      25
        84         1      33      42      43      34
        85         1      42      51      52      43
        86         1      51      60      61      52
        87         1      60      69      70      61
        88         1      69      78      79      70
        89         1      78      87      88      79
        90         1      87      96      97      88
        91         1      96     105     106      97
        92         1     105     114     115     106
        93         1     114     123     124     115
        94         1     123     132     133     124
        95         1     132     141     142     133
        96         1     141     150     151     142
        97         1       7      16      17       8
        98         1      16      25      26      17
        99         1      25      34      35      26
 FEAP : Incompressible beam with end traction: 16x8 elements                     

     ELEMENTS

   ELEMENT  MATERIAL  1 NODE  2 NODE  3 NODE  4 NODE
       100         1      34      43      44      35
       101         1      43      52      53      44
       102         1      52      61      62      53
       103         1      61      70      71      62
       104         1      70      79      80      71
       105         1      79      88      89      80
       106         1      88      97      98      89
       107         1      97     106     107      98
       108         1     106     115     116     107
       109         1     115     124     125     116
       110         1     124     133     134     125
       111         1     133     142     143     134
       112         1     142     151     152     143
       113         1       8      17      18       9
       114         1      17      26      27      18
       115         1      26      35      36      27
       116         1      35      44      45      36
       117         1      44      53      54      45
       118         1      53      62      63      54
       119         1      62      71      72      63
       120         1      71      80      81      72
       121         1      80      89      90      81
       122         1      89      98      99      90
       123         1      98     107     108      99
       124         1     107     116     117     108
       125         1     116     125     126     117
       126         1     125     134     135     126
       127         1     134     143     144     135
       128         1     143     152     153     144
 FEAP : Incompressible beam with end traction: 16x8 elements                     

     MATERIAL PROPERTIES

     MATERIAL SET  1 FOR ELEMENT TYPE 1

          DEGREE OF FREEDOM ASSIGNMENTS    LOCAL    GLOBAL 
                                          NUMBER    NUMBER
                                             1         1
                                             2         2
 --- Material Data Input Echo ---
 D(1): Body Force X or R component =   0.000000000000000E+000
 D(2): Body Force Y or Z component =   0.000000000000000E+000
 D(3): Mode Switch =    1.00000000000000     
 D(4): Mass Density (0.0 for static problems) =   0.000000000000000E+000
 D(5): Young's Modulus =    1000.00000000000     
 D(6): Poisson's Ratio =   0.499000000000000     
 --------------------------------
 FEAP : Incompressible beam with end traction: 16x8 elements                     

     NODAL B.C.       

      NODE      1 B.C.       2 B.C. 
         1            1            0
         5            1            1
         9            1            0
 FEAP : Incompressible beam with end traction: 16x8 elements                     

     NODAL FORCE/DISPL

      NODE      1 FORCE      2 FORCE
         1       0.0000      -0.0293
         2      -4.5000      -0.1601
         3      -3.0000      -0.2773
         4      -1.5000      -0.3476
         6       1.5000      -0.3476
         7       3.0000      -0.2773
         8       4.5000      -0.1601
         9       0.0000      -0.0293
       145       0.0000       0.0293
       146       0.0000       0.1601
       147       0.0000       0.2773
       148       0.0000       0.3476
       149       0.0000       0.3710
       150       0.0000       0.3476
       151       0.0000       0.2773
       152       0.0000       0.1601
       153       0.0000       0.0293
 FEAP : Incompressible beam with end traction: 16x8 elements                     

     NODAL PRPID      

      NODE      1 PRPID      2 PRPID
         1            1            1
         2            1            1
         3            1            1
         4            1            1
         6            1            1
         7            1            1
         8            1            1
         9            1            1
       145            1            1
       146            1            1
       147            1            1
       148            1            1
       149            1            1
       150            1            1
       151            1            1
       152            1            1
       153            1            1

      SET NUMBER  1 HAS TOTAL OF  16 ELEMENTS OR NODES

     1    17    33    49    65    81    97   113     8    24    40    56    72    88   104
   120

      SET NUMBER  2 HAS TOTAL OF   1 ELEMENTS OR NODES

   149


     SIZE OF STIFFNESS MATRIX IN PROFILE FORM=      6187
   MEMORY REQUEST =     19963, CORE = 400000000
 FEAP : Incompressible beam with end traction: 16x8 elements                     

     MACRO INSTRUCTIONS

     MACRO STATEMENT     VARIABLE 1     VARIABLE 2
   MEMORY REQUEST =     20091, CORE = 400000000
          PRIN           0.0000         0.0000    
          TANG           0.0000         0.0000    
          FORM           0.0000         0.0000    
          SOLV           0.0000         0.0000    
          CEQS           0.0000         0.0000    
          DISP           0.0000         0.0000    
          PRTS DISP      2.0000         0.0000    
          PRTS           1.0000         0.0000    
          END            0.0000         0.0000    
  **MACRO INSTRUCTION   1 **PRIN        V1=  0.000     ,V2=  0.000    
  **MACRO INSTRUCTION   2 **TANG        V1=  0.000     ,V2=  0.000    


     PERFORMING UPDATE OF TANGENT STIFFNESS MATRIX
   MEMORY REQUEST =     32465, CORE = 400000000
  **MACRO INSTRUCTION   3 **FORM        V1=  0.000     ,V2=  0.000    
  **MACRO INSTRUCTION   4 **SOLV        V1=  0.000     ,V2=  0.000    
  **ENERGY COMPUTED IN ACTCOL IS  0.1496776160E+00
  **MACRO INSTRUCTION   5 **CEQS        V1=  0.000     ,V2=  0.000    
  **MACRO INSTRUCTION   6 **DISP        V1=  0.000     ,V2=  0.000    
 FEAP : Incompressible beam with end traction: 16x8 elements                     

     NODAL DISPLACEMENTS     TIME  0.00000E+00
  PROP. LD.  0.10000E+01  0.10000E+01  0.10000E+01  0.10000E+01  0.10000E+01  0.10000E+01  0.10000E+01

      NODE      1 COORD      2 COORD      1 DISPL      2 DISPL
         1  0.0000000E+00 -0.1000000E+01  0.0000000E+00  0.1012315E-02
         2  0.0000000E+00 -0.7500000E+00 -0.1087635E-02  0.6145322E-03
         3  0.0000000E+00 -0.5000000E+00 -0.1236978E-02  0.2868697E-03
         4  0.0000000E+00 -0.2500000E+00 -0.7708930E-03  0.7372905E-04
         5  0.0000000E+00  0.0000000E+00  0.0000000E+00  0.0000000E+00
         6  0.0000000E+00  0.2500000E+00  0.7708930E-03  0.7372905E-04
         7  0.0000000E+00  0.5000000E+00  0.1236978E-02  0.2868697E-03
         8  0.0000000E+00  0.7500000E+00  0.1087635E-02  0.6145322E-03
         9  0.0000000E+00  0.1000000E+01  0.0000000E+00  0.1012315E-02
        10  0.5000000E+00 -0.1000000E+01  0.8425142E-03  0.2714644E-02
        11  0.5000000E+00 -0.7500000E+00 -0.3281335E-03  0.2320915E-02
        12  0.5000000E+00 -0.5000000E+00 -0.6736666E-03  0.1997120E-02
        13  0.5000000E+00 -0.2500000E+00 -0.4727696E-03  0.1786461E-02
        14  0.5000000E+00  0.0000000E+00  0.0000000E+00  0.1713572E-02
        15  0.5000000E+00  0.2500000E+00  0.4727696E-03  0.1786461E-02
        16  0.5000000E+00  0.5000000E+00  0.6736666E-03  0.1997120E-02
        17  0.5000000E+00  0.7500000E+00  0.3281335E-03  0.2320915E-02
        18  0.5000000E+00  0.1000000E+01 -0.8425142E-03  0.2714644E-02
        19  0.1000000E+01 -0.1000000E+01  0.1670727E-02  0.4819124E-02
        20  0.1000000E+01 -0.7500000E+00  0.4092434E-03  0.4437898E-02
        21  0.1000000E+01 -0.5000000E+00 -0.1282510E-03  0.4126779E-02
        22  0.1000000E+01 -0.2500000E+00 -0.1842700E-03  0.3924874E-02
        23  0.1000000E+01  0.0000000E+00  0.0000000E+00  0.3855066E-02
        24  0.1000000E+01  0.2500000E+00  0.1842700E-03  0.3924874E-02
        25  0.1000000E+01  0.5000000E+00  0.1282510E-03  0.4126779E-02
        26  0.1000000E+01  0.7500000E+00 -0.4092434E-03  0.4437898E-02
        27  0.1000000E+01  0.1000000E+01 -0.1670727E-02  0.4819124E-02
        28  0.1500000E+01 -0.1000000E+01  0.2468822E-02  0.7320369E-02
        29  0.1500000E+01 -0.7500000E+00  0.1111189E-02  0.6957714E-02
        30  0.1500000E+01 -0.5000000E+00  0.3883117E-03  0.6664205E-02
        31  0.1500000E+01 -0.2500000E+00  0.8843275E-04  0.6474435E-02
        32  0.1500000E+01  0.0000000E+00  0.0000000E+00  0.6408915E-02
        33  0.1500000E+01  0.2500000E+00 -0.8843275E-04  0.6474435E-02
        34  0.1500000E+01  0.5000000E+00 -0.3883117E-03  0.6664205E-02
        35  0.1500000E+01  0.7500000E+00 -0.1111189E-02  0.6957714E-02
        36  0.1500000E+01  0.1000000E+01 -0.2468822E-02  0.7320369E-02
        37  0.2000000E+01 -0.1000000E+01  0.3225648E-02  0.1020434E-01
        38  0.2000000E+01 -0.7500000E+00  0.1769469E-02  0.9864250E-02
        39  0.2000000E+01 -0.5000000E+00  0.8700766E-03  0.9591177E-02
        40  0.2000000E+01 -0.2500000E+00  0.3421244E-03  0.9415320E-02
        41  0.2000000E+01  0.0000000E+00  0.0000000E+00  0.9354705E-02
        42  0.2000000E+01  0.2500000E+00 -0.3421244E-03  0.9415320E-02
        43  0.2000000E+01  0.5000000E+00 -0.8700766E-03  0.9591177E-02
        44  0.2000000E+01  0.7500000E+00 -0.1769469E-02  0.9864250E-02
        45  0.2000000E+01  0.1000000E+01 -0.3225648E-02  0.1020434E-01
        46  0.2500000E+01 -0.1000000E+01  0.3933725E-02  0.1345100E-01
        47  0.2500000E+01 -0.7500000E+00  0.2379207E-02  0.1313601E-01
        48  0.2500000E+01 -0.5000000E+00  0.1313942E-02  0.1288491E-01
        49  0.2500000E+01 -0.2500000E+00  0.5752469E-03  0.1272383E-01
        50  0.2500000E+01  0.0000000E+00  0.0000000E+00  0.1266839E-01
 FEAP : Incompressible beam with end traction: 16x8 elements                     

     NODAL DISPLACEMENTS     TIME  0.00000E+00
  PROP. LD.  0.10000E+01  0.10000E+01  0.10000E+01  0.10000E+01  0.10000E+01  0.10000E+01  0.10000E+01

      NODE      1 COORD      2 COORD      1 DISPL      2 DISPL
        51  0.2500000E+01  0.2500000E+00 -0.5752469E-03  0.1272383E-01
        52  0.2500000E+01  0.5000000E+00 -0.1313942E-02  0.1288491E-01
        53  0.2500000E+01  0.7500000E+00 -0.2379207E-02  0.1313601E-01
        54  0.2500000E+01  0.1000000E+01 -0.3933725E-02  0.1345100E-01
        55  0.3000000E+01 -0.1000000E+01  0.4588170E-02  0.1703641E-01
        56  0.3000000E+01 -0.7500000E+00  0.2937731E-02  0.1674800E-01
        57  0.3000000E+01 -0.5000000E+00  0.1718511E-02  0.1651960E-01
        58  0.3000000E+01 -0.2500000E+00  0.7871942E-03  0.1637361E-01
        59  0.3000000E+01  0.0000000E+00  0.0000000E+00  0.1632345E-01
        60  0.3000000E+01  0.2500000E+00 -0.7871942E-03  0.1637361E-01
        61  0.3000000E+01  0.5000000E+00 -0.1718511E-02  0.1651960E-01
        62  0.3000000E+01  0.7500000E+00 -0.2937731E-02  0.1674800E-01
        63  0.3000000E+01  0.1000000E+01 -0.4588170E-02  0.1703641E-01
        64  0.3500000E+01 -0.1000000E+01  0.5185913E-02  0.2093404E-01
        65  0.3500000E+01 -0.7500000E+00  0.3443812E-02  0.2067303E-01
        66  0.3500000E+01 -0.5000000E+00  0.2083435E-02  0.2046753E-01
        67  0.3500000E+01 -0.2500000E+00  0.9779235E-03  0.2033660E-01
        68  0.3500000E+01  0.0000000E+00  0.0000000E+00  0.2029169E-01
        69  0.3500000E+01  0.2500000E+00 -0.9779235E-03  0.2033660E-01
        70  0.3500000E+01  0.5000000E+00 -0.2083435E-02  0.2046753E-01
        71  0.3500000E+01  0.7500000E+00 -0.3443812E-02  0.2067303E-01
        72  0.3500000E+01  0.1000000E+01 -0.5185913E-02  0.2093404E-01
        73  0.4000000E+01 -0.1000000E+01  0.5725176E-02  0.2511585E-01
        74  0.4000000E+01 -0.7500000E+00  0.3897192E-02  0.2488254E-01
        75  0.4000000E+01 -0.5000000E+00  0.2409035E-02  0.2469979E-01
        76  0.4000000E+01 -0.2500000E+00  0.1147739E-02  0.2458369E-01
        77  0.4000000E+01  0.0000000E+00  0.0000000E+00  0.2454392E-01
        78  0.4000000E+01  0.2500000E+00 -0.1147739E-02  0.2458369E-01
        79  0.4000000E+01  0.5000000E+00 -0.2409035E-02  0.2469979E-01
        80  0.4000000E+01  0.7500000E+00 -0.3897192E-02  0.2488254E-01
        81  0.4000000E+01  0.1000000E+01 -0.5725176E-02  0.2511585E-01
        82  0.4500000E+01 -0.1000000E+01  0.6205156E-02  0.2955299E-01
        83  0.4500000E+01 -0.7500000E+00  0.4298309E-02  0.2934729E-01
        84  0.4500000E+01 -0.5000000E+00  0.2696096E-02  0.2918687E-01
        85  0.4500000E+01 -0.2500000E+00  0.1297180E-02  0.2908519E-01
        86  0.4500000E+01  0.0000000E+00  0.0000000E+00  0.2905040E-01
        87  0.4500000E+01  0.2500000E+00 -0.1297180E-02  0.2908519E-01
        88  0.4500000E+01  0.5000000E+00 -0.2696096E-02  0.2918687E-01
        89  0.4500000E+01  0.7500000E+00 -0.4298309E-02  0.2934729E-01
        90  0.4500000E+01  0.1000000E+01 -0.6205156E-02  0.2955299E-01
        91  0.5000000E+01 -0.1000000E+01  0.6625887E-02  0.3421635E-01
        92  0.5000000E+01 -0.7500000E+00  0.4648195E-02  0.3403782E-01
        93  0.5000000E+01 -0.5000000E+00  0.2945788E-02  0.3389904E-01
        94  0.5000000E+01 -0.2500000E+00  0.1426975E-02  0.3381124E-01
        95  0.5000000E+01  0.0000000E+00  0.0000000E+00  0.3378122E-01
        96  0.5000000E+01  0.2500000E+00 -0.1426975E-02  0.3381124E-01
        97  0.5000000E+01  0.5000000E+00 -0.2945788E-02  0.3389904E-01
        98  0.5000000E+01  0.7500000E+00 -0.4648195E-02  0.3403782E-01
        99  0.5000000E+01  0.1000000E+01 -0.6625887E-02  0.3421635E-01
       100  0.5500000E+01 -0.1000000E+01  0.6988237E-02  0.3907716E-01
 FEAP : Incompressible beam with end traction: 16x8 elements                     

     NODAL DISPLACEMENTS     TIME  0.00000E+00
  PROP. LD.  0.10000E+01  0.10000E+01  0.10000E+01  0.10000E+01  0.10000E+01  0.10000E+01  0.10000E+01

      NODE      1 COORD      2 COORD      1 DISPL      2 DISPL
       101  0.5500000E+01 -0.7500000E+00  0.4948493E-02  0.3892494E-01
       102  0.5500000E+01 -0.5000000E+00  0.3159690E-02  0.3880682E-01
       103  0.5500000E+01 -0.2500000E+00  0.1538063E-02  0.3873216E-01
       104  0.5500000E+01  0.0000000E+00  0.0000000E+00  0.3870664E-01
       105  0.5500000E+01  0.2500000E+00 -0.1538063E-02  0.3873216E-01
       106  0.5500000E+01  0.5000000E+00 -0.3159690E-02  0.3880682E-01
       107  0.5500000E+01  0.7500000E+00 -0.4948493E-02  0.3892494E-01
       108  0.5500000E+01  0.1000000E+01 -0.6988237E-02  0.3907716E-01
       109  0.6000000E+01 -0.1000000E+01  0.7294062E-02  0.4410750E-01
       110  0.6000000E+01 -0.7500000E+00  0.5201624E-02  0.4398020E-01
       111  0.6000000E+01 -0.5000000E+00  0.3339925E-02  0.4388137E-01
       112  0.6000000E+01 -0.2500000E+00  0.1631660E-02  0.4381885E-01
       113  0.6000000E+01  0.0000000E+00  0.0000000E+00  0.4379748E-01
       114  0.6000000E+01  0.2500000E+00 -0.1631660E-02  0.4381885E-01
       115  0.6000000E+01  0.5000000E+00 -0.3339925E-02  0.4388137E-01
       116  0.6000000E+01  0.7500000E+00 -0.5201624E-02  0.4398020E-01
       117  0.6000000E+01  0.1000000E+01 -0.7294062E-02  0.4410750E-01
       118  0.6500000E+01 -0.1000000E+01  0.7546538E-02  0.4928110E-01
       119  0.6500000E+01 -0.7500000E+00  0.5411114E-02  0.4917659E-01
       120  0.6500000E+01 -0.5000000E+00  0.3489401E-02  0.4909505E-01
       121  0.6500000E+01 -0.2500000E+00  0.1709388E-02  0.4904332E-01
       122  0.6500000E+01  0.0000000E+00  0.0000000E+00  0.4902560E-01
       123  0.6500000E+01  0.2500000E+00 -0.1709388E-02  0.4904332E-01
       124  0.6500000E+01  0.5000000E+00 -0.3489401E-02  0.4909505E-01
       125  0.6500000E+01  0.7500000E+00 -0.5411114E-02  0.4917659E-01
       126  0.6500000E+01  0.1000000E+01 -0.7546538E-02  0.4928110E-01
       127  0.7000000E+01 -0.1000000E+01  0.7750753E-02  0.5457436E-01
       128  0.7000000E+01 -0.7500000E+00  0.5582142E-02  0.5448932E-01
       129  0.7000000E+01 -0.5000000E+00  0.3612203E-02  0.5442221E-01
       130  0.7000000E+01 -0.2500000E+00  0.1773467E-02  0.5437936E-01
       131  0.7000000E+01  0.0000000E+00  0.0000000E+00  0.5436465E-01
       132  0.7000000E+01  0.2500000E+00 -0.1773467E-02  0.5437936E-01
       133  0.7000000E+01  0.5000000E+00 -0.3612203E-02  0.5442221E-01
       134  0.7000000E+01  0.7500000E+00 -0.5582142E-02  0.5448932E-01
       135  0.7000000E+01  0.1000000E+01 -0.7750753E-02  0.5457436E-01
       136  0.7500000E+01 -0.1000000E+01  0.7914758E-02  0.5996791E-01
       137  0.7500000E+01 -0.7500000E+00  0.5722444E-02  0.5989718E-01
       138  0.7500000E+01 -0.5000000E+00  0.3714130E-02  0.5984031E-01
       139  0.7500000E+01 -0.2500000E+00  0.1826950E-02  0.5980372E-01
       140  0.7500000E+01  0.0000000E+00  0.0000000E+00  0.5979111E-01
       141  0.7500000E+01  0.2500000E+00 -0.1826950E-02  0.5980372E-01
       142  0.7500000E+01  0.5000000E+00 -0.3714130E-02  0.5984031E-01
       143  0.7500000E+01  0.7500000E+00 -0.5722444E-02  0.5989718E-01
       144  0.7500000E+01  0.1000000E+01 -0.7914758E-02  0.5996791E-01
       145  0.8000000E+01 -0.1000000E+01  0.8051560E-02  0.6544913E-01
       146  0.8000000E+01 -0.7500000E+00  0.5843739E-02  0.6538426E-01
       147  0.8000000E+01 -0.5000000E+00  0.3803262E-02  0.6533180E-01
       148  0.8000000E+01 -0.2500000E+00  0.1873913E-02  0.6529802E-01
       149  0.8000000E+01  0.0000000E+00  0.0000000E+00  0.6528638E-01
       150  0.8000000E+01  0.2500000E+00 -0.1873913E-02  0.6529802E-01
 FEAP : Incompressible beam with end traction: 16x8 elements                     

     NODAL DISPLACEMENTS     TIME  0.00000E+00
  PROP. LD.  0.10000E+01  0.10000E+01  0.10000E+01  0.10000E+01  0.10000E+01  0.10000E+01  0.10000E+01

      NODE      1 COORD      2 COORD      1 DISPL      2 DISPL
       151  0.8000000E+01  0.5000000E+00 -0.3803262E-02  0.6533180E-01
       152  0.8000000E+01  0.7500000E+00 -0.5843739E-02  0.6538426E-01
       153  0.8000000E+01  0.1000000E+01 -0.8051560E-02  0.6544913E-01
  **MACRO INSTRUCTION   7 **PRTS  DISP  V1=  2.000     ,V2=  0.000    
  **MACRO INSTRUCTION   8 **PRTS        V1=  1.000     ,V2=  0.000    
 --- Output Element Variables ---
 Element Number =            1
 X Coordinate of the Gauss Point =   0.250000000000000     
 Y Coordinate of the Gauss Point =  -0.875000000000000     
 Stress at Gauss Point =    3.16105955585090        4.22978252564025     
   2.10500616343973      -0.369531176542684     
 Strain at Gauss Point =   0.000000000000000E+000  1.602015731714113E-003
 -1.583024035224251E-003 -1.107854467274966E-003
 --------------------------------
 --- Output Element Variables ---
 Element Number =           17
 X Coordinate of the Gauss Point =   0.250000000000000     
 Y Coordinate of the Gauss Point =  -0.625000000000000     
 Stress at Gauss Point =    3.31194014828952        4.19440350411821     
   2.44275110167243       0.809500100487195     
 Strain at Gauss Point =   0.000000000000000E+000  1.322812570387184E-003
 -1.302914380879023E-003  2.426881301260609E-003
 --------------------------------
 --- Output Element Variables ---
 Element Number =           33
 X Coordinate of the Gauss Point =   0.250000000000000     
 Y Coordinate of the Gauss Point =  -0.375000000000000     
 Stress at Gauss Point =    2.30291527363721        2.87758803526424     
   1.73747263334741        1.58670633862707     
 Strain at Gauss Point =   0.000000000000000E+000  8.614344696788792E-004
 -8.475985177943816E-004  4.756945603203971E-003
 --------------------------------
 --- Output Element Variables ---
 Element Number =           49
 X Coordinate of the Gauss Point =   0.250000000000000     
 Y Coordinate of the Gauss Point =  -0.125000000000000     
 Stress at Gauss Point =   0.813283261720663        1.01216481135882     
  0.617661364434099        1.97252473702408     
 Strain at Gauss Point =   0.000000000000000E+000  2.981234429075810E-004
 -2.932372240325538E-004  5.913629161598201E-003
 --------------------------------
 --- Output Element Variables ---
 Element Number =           65
 X Coordinate of the Gauss Point =   0.250000000000000     
 Y Coordinate of the Gauss Point =   0.125000000000000     
 Stress at Gauss Point =  -0.813283261733424       -1.01216481137915     
 -0.617661364439329        1.97252473702197     
 Strain at Gauss Point =   0.000000000000000E+000 -2.981234429189384E-004
  2.932372240438346E-004  5.913629161591863E-003
 --------------------------------
 --- Output Element Variables ---
 Element Number =           81
 X Coordinate of the Gauss Point =   0.250000000000000     
 Y Coordinate of the Gauss Point =   0.375000000000000     
 Stress at Gauss Point =   -2.30291527364784       -2.87758803528223     
  -1.73747263335071        1.58670633862640     
 Strain at Gauss Point =   0.000000000000000E+000 -8.614344696899540E-004
  8.475985178053925E-004  4.756945603201950E-003
 --------------------------------
 --- Output Element Variables ---
 Element Number =           97
 X Coordinate of the Gauss Point =   0.250000000000000     
 Y Coordinate of the Gauss Point =   0.625000000000000     
 Stress at Gauss Point =   -3.31194014830098       -4.19440350413709     
  -2.44275110167652       0.809500100487807     
 Strain at Gauss Point =   0.000000000000000E+000 -1.322812570398289E-003
  1.302914380890059E-003  2.426881301262446E-003
 --------------------------------
 --- Output Element Variables ---
 Element Number =          113
 X Coordinate of the Gauss Point =   0.250000000000000     
 Y Coordinate of the Gauss Point =   0.875000000000000     
 Stress at Gauss Point =   -3.16105955586471       -4.22978252566168     
  -2.10500616344598      -0.369531176540628     
 Strain at Gauss Point =   0.000000000000000E+000 -1.602015731725571E-003
  1.583024035235626E-003 -1.107854467268801E-003
 --------------------------------
 --- Output Element Variables ---
 Element Number =            8
 X Coordinate of the Gauss Point =    3.75000000000000     
 Y Coordinate of the Gauss Point =  -0.875000000000000     
 Stress at Gauss Point =   0.664234889662538        1.32643768992219     
  4.694353489753667E-003  0.417330528991509     
 Strain at Gauss Point =   0.000000000000000E+000  9.926419975891578E-004
 -9.886512637230088E-004  1.251156925916545E-003
 --------------------------------
 --- Output Element Variables ---
 Element Number =           24
 X Coordinate of the Gauss Point =    3.75000000000000     
 Y Coordinate of the Gauss Point =  -0.625000000000000     
 Stress at Gauss Point =   0.415693207636025       0.935359438703728     
 -0.102306918391065       0.915513185674918     
 Strain at Gauss Point =   0.000000000000000E+000  7.789796803704639E-004
 -7.764821889145665E-004  2.744708530653405E-003
 --------------------------------
 --- Output Element Variables ---
 Element Number =           40
 X Coordinate of the Gauss Point =    3.75000000000000     
 Y Coordinate of the Gauss Point =  -0.375000000000000     
 Stress at Gauss Point =   0.226217838712358       0.556715618411801     
 -0.103373256262799        1.24941296352785     
 Strain at Gauss Point =   0.000000000000000E+000  4.954161717694652E-004
 -4.940570513677425E-004  3.745740064656486E-003
 --------------------------------
 --- Output Element Variables ---
 Element Number =           56
 X Coordinate of the Gauss Point =    3.75000000000000     
 Y Coordinate of the Gauss Point =  -0.125000000000000     
 Stress at Gauss Point =   7.157715023445377E-002  0.184863208982300     
 -4.142202614772117E-002   1.41694332145929     
 Strain at Gauss Point =   0.000000000000000E+000  1.698158020630169E-004
 -1.693857653968789E-004  4.247996077734944E-003
 --------------------------------
 --- Output Element Variables ---
 Element Number =           72
 X Coordinate of the Gauss Point =    3.75000000000000     
 Y Coordinate of the Gauss Point =   0.125000000000000     
 Stress at Gauss Point =  -7.157715024196065E-002 -0.184863208995409     
  4.142202614578849E-002   1.41694332145831     
 Strain at Gauss Point =   0.000000000000000E+000 -1.698158020714165E-004
  1.693857654052333E-004  4.247996077732019E-003
 --------------------------------
 --- Output Element Variables ---
 Element Number =           88
 X Coordinate of the Gauss Point =    3.75000000000000     
 Y Coordinate of the Gauss Point =   0.375000000000000     
 Stress at Gauss Point =  -0.226217838726072      -0.556715618431028     
  0.103373256254542        1.24941296352750     
 Strain at Gauss Point =   0.000000000000000E+000 -4.954161717777216E-004
  4.940570513759165E-004  3.745740064655455E-003
 --------------------------------
 --- Output Element Variables ---
 Element Number =          104
 X Coordinate of the Gauss Point =    3.75000000000000     
 Y Coordinate of the Gauss Point =   0.625000000000000     
 Stress at Gauss Point =  -0.415693207652623      -0.935359438725754     
  0.102306918379810       0.915513185674901     
 Strain at Gauss Point =   0.000000000000000E+000 -7.789796803786058E-004
  7.764821889226087E-004  2.744708530653353E-003
 --------------------------------
 --- Output Element Variables ---
 Element Number =          120
 X Coordinate of the Gauss Point =    3.75000000000000     
 Y Coordinate of the Gauss Point =   0.875000000000000     
 Stress at Gauss Point =  -0.664234889670212       -1.32643768993529     
 -4.694353491970560E-003  0.417330528991716     
 Strain at Gauss Point =   0.000000000000000E+000 -9.926419975973362E-004
  9.886512637311412E-004  1.251156925917166E-003
 --------------------------------
  **END OF MACRO EXECUTION**


     *** ANALYSIS HAS BEEN COMPLETED
