 F I N I T E   E L E M E N T   A N A L Y S I S   P R O G R A M
 FEAP : Cantilever beam with end traction: 16x8 elements                         

     NUMBER OF NODAL POINTS       =   153
     NUMBER OF ELEMENTS           =   128
     NUMBER OF MATERIAL SETS      =     1
     DIMENSION OF COORDINATE SPACE=     2
     DEGREES OF FREEDOM/NODE      =     2
     NODES/ELEMENT (MAXIMUM)      =     4
     DIMENSION OF STRESS ARRAY    =     4
     DIMENSION OF INT VAR ARRAY   =     1
     NUMBER OF QUAD PTS/ELEMENT   =     5
     NUMBER OF PROP LD CARDS      =     0
     NUMBER OF DISTR EDG LOADS    =     0
     AUTO STEPPING CODE           =     0
     NUMBER OF SLAVE NODES        =     0
 FEAP : Cantilever beam with end traction: 16x8 elements                         

     NODAL COORDINATES

      NODE      1 COORD      2 COORD
         1       0.0000      -1.0000
         2       0.0000      -0.7500
         3       0.0000      -0.5000
         4       0.0000      -0.2500
         5       0.0000       0.0000
         6       0.0000       0.2500
         7       0.0000       0.5000
         8       0.0000       0.7500
         9       0.0000       1.0000
        10       0.5000      -1.0000
        11       0.5000      -0.7500
        12       0.5000      -0.5000
        13       0.5000      -0.2500
        14       0.5000       0.0000
        15       0.5000       0.2500
        16       0.5000       0.5000
        17       0.5000       0.7500
        18       0.5000       1.0000
        19       1.0000      -1.0000
        20       1.0000      -0.7500
        21       1.0000      -0.5000
        22       1.0000      -0.2500
        23       1.0000       0.0000
        24       1.0000       0.2500
        25       1.0000       0.5000
        26       1.0000       0.7500
        27       1.0000       1.0000
        28       1.5000      -1.0000
        29       1.5000      -0.7500
        30       1.5000      -0.5000
        31       1.5000      -0.2500
        32       1.5000       0.0000
        33       1.5000       0.2500
        34       1.5000       0.5000
        35       1.5000       0.7500
        36       1.5000       1.0000
        37       2.0000      -1.0000
        38       2.0000      -0.7500
        39       2.0000      -0.5000
        40       2.0000      -0.2500
        41       2.0000       0.0000
        42       2.0000       0.2500
        43       2.0000       0.5000
        44       2.0000       0.7500
        45       2.0000       1.0000
        46       2.5000      -1.0000
        47       2.5000      -0.7500
        48       2.5000      -0.5000
        49       2.5000      -0.2500
        50       2.5000       0.0000
 FEAP : Cantilever beam with end traction: 16x8 elements                         

     NODAL COORDINATES

      NODE      1 COORD      2 COORD
        51       2.5000       0.2500
        52       2.5000       0.5000
        53       2.5000       0.7500
        54       2.5000       1.0000
        55       3.0000      -1.0000
        56       3.0000      -0.7500
        57       3.0000      -0.5000
        58       3.0000      -0.2500
        59       3.0000       0.0000
        60       3.0000       0.2500
        61       3.0000       0.5000
        62       3.0000       0.7500
        63       3.0000       1.0000
        64       3.5000      -1.0000
        65       3.5000      -0.7500
        66       3.5000      -0.5000
        67       3.5000      -0.2500
        68       3.5000       0.0000
        69       3.5000       0.2500
        70       3.5000       0.5000
        71       3.5000       0.7500
        72       3.5000       1.0000
        73       4.0000      -1.0000
        74       4.0000      -0.7500
        75       4.0000      -0.5000
        76       4.0000      -0.2500
        77       4.0000       0.0000
        78       4.0000       0.2500
        79       4.0000       0.5000
        80       4.0000       0.7500
        81       4.0000       1.0000
        82       4.5000      -1.0000
        83       4.5000      -0.7500
        84       4.5000      -0.5000
        85       4.5000      -0.2500
        86       4.5000       0.0000
        87       4.5000       0.2500
        88       4.5000       0.5000
        89       4.5000       0.7500
        90       4.5000       1.0000
        91       5.0000      -1.0000
        92       5.0000      -0.7500
        93       5.0000      -0.5000
        94       5.0000      -0.2500
        95       5.0000       0.0000
        96       5.0000       0.2500
        97       5.0000       0.5000
        98       5.0000       0.7500
        99       5.0000       1.0000
       100       5.5000      -1.0000
 FEAP : Cantilever beam with end traction: 16x8 elements                         

     NODAL COORDINATES

      NODE      1 COORD      2 COORD
       101       5.5000      -0.7500
       102       5.5000      -0.5000
       103       5.5000      -0.2500
       104       5.5000       0.0000
       105       5.5000       0.2500
       106       5.5000       0.5000
       107       5.5000       0.7500
       108       5.5000       1.0000
       109       6.0000      -1.0000
       110       6.0000      -0.7500
       111       6.0000      -0.5000
       112       6.0000      -0.2500
       113       6.0000       0.0000
       114       6.0000       0.2500
       115       6.0000       0.5000
       116       6.0000       0.7500
       117       6.0000       1.0000
       118       6.5000      -1.0000
       119       6.5000      -0.7500
       120       6.5000      -0.5000
       121       6.5000      -0.2500
       122       6.5000       0.0000
       123       6.5000       0.2500
       124       6.5000       0.5000
       125       6.5000       0.7500
       126       6.5000       1.0000
       127       7.0000      -1.0000
       128       7.0000      -0.7500
       129       7.0000      -0.5000
       130       7.0000      -0.2500
       131       7.0000       0.0000
       132       7.0000       0.2500
       133       7.0000       0.5000
       134       7.0000       0.7500
       135       7.0000       1.0000
       136       7.5000      -1.0000
       137       7.5000      -0.7500
       138       7.5000      -0.5000
       139       7.5000      -0.2500
       140       7.5000       0.0000
       141       7.5000       0.2500
       142       7.5000       0.5000
       143       7.5000       0.7500
       144       7.5000       1.0000
       145       8.0000      -1.0000
       146       8.0000      -0.7500
       147       8.0000      -0.5000
       148       8.0000      -0.2500
       149       8.0000       0.0000
       150       8.0000       0.2500
 FEAP : Cantilever beam with end traction: 16x8 elements                         

     NODAL COORDINATES

      NODE      1 COORD      2 COORD
       151       8.0000       0.5000
       152       8.0000       0.7500
       153       8.0000       1.0000
 FEAP : Cantilever beam with end traction: 16x8 elements                         

     ELEMENTS

   ELEMENT  MATERIAL  1 NODE  2 NODE  3 NODE  4 NODE
         1         1       1      10      11       2
         2         1      10      19      20      11
         3         1      19      28      29      20
         4         1      28      37      38      29
         5         1      37      46      47      38
         6         1      46      55      56      47
         7         1      55      64      65      56
         8         1      64      73      74      65
         9         1      73      82      83      74
        10         1      82      91      92      83
        11         1      91     100     101      92
        12         1     100     109     110     101
        13         1     109     118     119     110
        14         1     118     127     128     119
        15         1     127     136     137     128
        16         1     136     145     146     137
        17         1       2      11      12       3
        18         1      11      20      21      12
        19         1      20      29      30      21
        20         1      29      38      39      30
        21         1      38      47      48      39
        22         1      47      56      57      48
        23         1      56      65      66      57
        24         1      65      74      75      66
        25         1      74      83      84      75
        26         1      83      92      93      84
        27         1      92     101     102      93
        28         1     101     110     111     102
        29         1     110     119     120     111
        30         1     119     128     129     120
        31         1     128     137     138     129
        32         1     137     146     147     138
        33         1       3      12      13       4
        34         1      12      21      22      13
        35         1      21      30      31      22
        36         1      30      39      40      31
        37         1      39      48      49      40
        38         1      48      57      58      49
        39         1      57      66      67      58
        40         1      66      75      76      67
        41         1      75      84      85      76
        42         1      84      93      94      85
        43         1      93     102     103      94
        44         1     102     111     112     103
        45         1     111     120     121     112
        46         1     120     129     130     121
        47         1     129     138     139     130
        48         1     138     147     148     139
        49         1       4      13      14       5
 FEAP : Cantilever beam with end traction: 16x8 elements                         

     ELEMENTS

   ELEMENT  MATERIAL  1 NODE  2 NODE  3 NODE  4 NODE
        50         1      13      22      23      14
        51         1      22      31      32      23
        52         1      31      40      41      32
        53         1      40      49      50      41
        54         1      49      58      59      50
        55         1      58      67      68      59
        56         1      67      76      77      68
        57         1      76      85      86      77
        58         1      85      94      95      86
        59         1      94     103     104      95
        60         1     103     112     113     104
        61         1     112     121     122     113
        62         1     121     130     131     122
        63         1     130     139     140     131
        64         1     139     148     149     140
        65         1       5      14      15       6
        66         1      14      23      24      15
        67         1      23      32      33      24
        68         1      32      41      42      33
        69         1      41      50      51      42
        70         1      50      59      60      51
        71         1      59      68      69      60
        72         1      68      77      78      69
        73         1      77      86      87      78
        74         1      86      95      96      87
        75         1      95     104     105      96
        76         1     104     113     114     105
        77         1     113     122     123     114
        78         1     122     131     132     123
        79         1     131     140     141     132
        80         1     140     149     150     141
        81         1       6      15      16       7
        82         1      15      24      25      16
        83         1      24      33      34      25
        84         1      33      42      43      34
        85         1      42      51      52      43
        86         1      51      60      61      52
        87         1      60      69      70      61
        88         1      69      78      79      70
        89         1      78      87      88      79
        90         1      87      96      97      88
        91         1      96     105     106      97
        92         1     105     114     115     106
        93         1     114     123     124     115
        94         1     123     132     133     124
        95         1     132     141     142     133
        96         1     141     150     151     142
        97         1       7      16      17       8
        98         1      16      25      26      17
        99         1      25      34      35      26
 FEAP : Cantilever beam with end traction: 16x8 elements                         

     ELEMENTS

   ELEMENT  MATERIAL  1 NODE  2 NODE  3 NODE  4 NODE
       100         1      34      43      44      35
       101         1      43      52      53      44
       102         1      52      61      62      53
       103         1      61      70      71      62
       104         1      70      79      80      71
       105         1      79      88      89      80
       106         1      88      97      98      89
       107         1      97     106     107      98
       108         1     106     115     116     107
       109         1     115     124     125     116
       110         1     124     133     134     125
       111         1     133     142     143     134
       112         1     142     151     152     143
       113         1       8      17      18       9
       114         1      17      26      27      18
       115         1      26      35      36      27
       116         1      35      44      45      36
       117         1      44      53      54      45
       118         1      53      62      63      54
       119         1      62      71      72      63
       120         1      71      80      81      72
       121         1      80      89      90      81
       122         1      89      98      99      90
       123         1      98     107     108      99
       124         1     107     116     117     108
       125         1     116     125     126     117
       126         1     125     134     135     126
       127         1     134     143     144     135
       128         1     143     152     153     144
 FEAP : Cantilever beam with end traction: 16x8 elements                         

     MATERIAL PROPERTIES

     MATERIAL SET  1 FOR ELEMENT TYPE 1

          DEGREE OF FREEDOM ASSIGNMENTS    LOCAL    GLOBAL 
                                          NUMBER    NUMBER
                                             1         1
                                             2         2
 --- Material Data Input Echo ---
 D(1): Body Force X or R component =   0.000000000000000E+000
 D(2): Body Force Y or Z component =   0.000000000000000E+000
 D(3): Mode Switch =    1.00000000000000     
 D(4): Mass Density (0.0 for static problems) =   0.000000000000000E+000
 D(5): Young's Modulus =    1000.00000000000     
 D(6): Poisson's Ratio =   0.250000000000000     
 --------------------------------
 FEAP : Cantilever beam with end traction: 16x8 elements                         

     NODAL B.C.       

      NODE      1 B.C.       2 B.C. 
         1            1            0
         5            1            1
         9            1            0
 FEAP : Cantilever beam with end traction: 16x8 elements                         

     NODAL FORCE/DISPL

      NODE      1 FORCE      2 FORCE
         1       0.0000      -0.0293
         2      -4.5000      -0.1601
         3      -3.0000      -0.2773
         4      -1.5000      -0.3476
         6       1.5000      -0.3476
         7       3.0000      -0.2773
         8       4.5000      -0.1601
         9       0.0000      -0.0293
       145       0.0000       0.0293
       146       0.0000       0.1601
       147       0.0000       0.2773
       148       0.0000       0.3476
       149       0.0000       0.3710
       150       0.0000       0.3476
       151       0.0000       0.2773
       152       0.0000       0.1601
       153       0.0000       0.0293
 FEAP : Cantilever beam with end traction: 16x8 elements                         

     NODAL PRPID      

      NODE      1 PRPID      2 PRPID
         1            1            1
         2            1            1
         3            1            1
         4            1            1
         6            1            1
         7            1            1
         8            1            1
         9            1            1
       145            1            1
       146            1            1
       147            1            1
       148            1            1
       149            1            1
       150            1            1
       151            1            1
       152            1            1
       153            1            1

      SET NUMBER  1 HAS TOTAL OF  16 ELEMENTS OR NODES

     1    17    33    49    65    81    97   113     8    24    40    56    72    88   104
   120

      SET NUMBER  2 HAS TOTAL OF   1 ELEMENTS OR NODES

   149


     SIZE OF STIFFNESS MATRIX IN PROFILE FORM=      6187
   MEMORY REQUEST =     19963, CORE = 400000000
 FEAP : Cantilever beam with end traction: 16x8 elements                         

     MACRO INSTRUCTIONS

     MACRO STATEMENT     VARIABLE 1     VARIABLE 2
   MEMORY REQUEST =     20091, CORE = 400000000
          PRIN           0.0000         0.0000    
          TANG           0.0000         0.0000    
          FORM           0.0000         0.0000    
          SOLV           0.0000         0.0000    
          CEQS           0.0000         0.0000    
          DISP           0.0000         0.0000    
          PRTS DISP      2.0000         0.0000    
          PRTS           1.0000         0.0000    
          END            0.0000         0.0000    
  **MACRO INSTRUCTION   1 **PRIN        V1=  0.000     ,V2=  0.000    
  **MACRO INSTRUCTION   2 **TANG        V1=  0.000     ,V2=  0.000    


     PERFORMING UPDATE OF TANGENT STIFFNESS MATRIX
   MEMORY REQUEST =     32465, CORE = 400000000
  **MACRO INSTRUCTION   3 **FORM        V1=  0.000     ,V2=  0.000    
  **MACRO INSTRUCTION   4 **SOLV        V1=  0.000     ,V2=  0.000    
  **ENERGY COMPUTED IN ACTCOL IS  0.9824820754E+00
  **MACRO INSTRUCTION   5 **CEQS        V1=  0.000     ,V2=  0.000    
  **MACRO INSTRUCTION   6 **DISP        V1=  0.000     ,V2=  0.000    
 FEAP : Cantilever beam with end traction: 16x8 elements                         

     NODAL DISPLACEMENTS     TIME  0.00000E+00
  PROP. LD.  0.10000E+01  0.10000E+01  0.10000E+01  0.10000E+01  0.10000E+01  0.10000E+01  0.10000E+01

      NODE      1 COORD      2 COORD      1 DISPL      2 DISPL
         1  0.0000000E+00 -0.1000000E+01  0.0000000E+00  0.3463362E-02
         2  0.0000000E+00 -0.7500000E+00 -0.7232188E-03  0.1937884E-02
         3  0.0000000E+00 -0.5000000E+00 -0.7330925E-03  0.8578695E-03
         4  0.0000000E+00 -0.2500000E+00 -0.4372226E-03  0.2142658E-03
         5  0.0000000E+00  0.0000000E+00  0.0000000E+00  0.0000000E+00
         6  0.0000000E+00  0.2500000E+00  0.4372226E-03  0.2142658E-03
         7  0.0000000E+00  0.5000000E+00  0.7330925E-03  0.8578695E-03
         8  0.0000000E+00  0.7500000E+00  0.7232188E-03  0.1937884E-02
         9  0.0000000E+00  0.1000000E+01  0.0000000E+00  0.3463362E-02
        10  0.5000000E+00 -0.1000000E+01  0.1029985E-01  0.7315815E-02
        11  0.5000000E+00 -0.7500000E+00  0.7348217E-02  0.5801841E-02
        12  0.5000000E+00 -0.5000000E+00  0.4675444E-02  0.4681716E-02
        13  0.5000000E+00 -0.2500000E+00  0.2271727E-02  0.4007546E-02
        14  0.5000000E+00  0.0000000E+00  0.0000000E+00  0.3783084E-02
        15  0.5000000E+00  0.2500000E+00 -0.2271727E-02  0.4007546E-02
        16  0.5000000E+00  0.5000000E+00 -0.4675444E-02  0.4681716E-02
        17  0.5000000E+00  0.7500000E+00 -0.7348217E-02  0.5801841E-02
        18  0.5000000E+00  0.1000000E+01 -0.1029985E-01  0.7315815E-02
        19  0.1000000E+01 -0.1000000E+01  0.2020089E-01  0.1599000E-01
        20  0.1000000E+01 -0.7500000E+00  0.1480700E-01  0.1459212E-01
        21  0.1000000E+01 -0.5000000E+00  0.9701522E-02  0.1358898E-01
        22  0.1000000E+01 -0.2500000E+00  0.4795670E-02  0.1297785E-01
        23  0.1000000E+01  0.0000000E+00  0.0000000E+00  0.1277269E-01
        24  0.1000000E+01  0.2500000E+00 -0.4795670E-02  0.1297785E-01
        25  0.1000000E+01  0.5000000E+00 -0.9701522E-02  0.1358898E-01
        26  0.1000000E+01  0.7500000E+00 -0.1480700E-01  0.1459212E-01
        27  0.1000000E+01  0.1000000E+01 -0.2020089E-01  0.1599000E-01
        28  0.1500000E+01 -0.1000000E+01  0.2945875E-01  0.2949952E-01
        29  0.1500000E+01 -0.7500000E+00  0.2174509E-01  0.2819928E-01
        30  0.1500000E+01 -0.5000000E+00  0.1433179E-01  0.2727104E-01
        31  0.1500000E+01 -0.2500000E+00  0.7116750E-02  0.2671451E-01
        32  0.1500000E+01  0.0000000E+00  0.0000000E+00  0.2652870E-01
        33  0.1500000E+01  0.2500000E+00 -0.7116750E-02  0.2671451E-01
        34  0.1500000E+01  0.5000000E+00 -0.1433179E-01  0.2727104E-01
        35  0.1500000E+01  0.7500000E+00 -0.2174509E-01  0.2819928E-01
        36  0.1500000E+01  0.1000000E+01 -0.2945875E-01  0.2949952E-01
        37  0.2000000E+01 -0.1000000E+01  0.3802988E-01  0.4747100E-01
        38  0.2000000E+01 -0.7500000E+00  0.2817267E-01  0.4627128E-01
        39  0.2000000E+01 -0.5000000E+00  0.1861541E-01  0.4541449E-01
        40  0.2000000E+01 -0.2500000E+00  0.9257897E-02  0.4490059E-01
        41  0.2000000E+01  0.0000000E+00  0.0000000E+00  0.4472942E-01
        42  0.2000000E+01  0.2500000E+00 -0.9257897E-02  0.4490059E-01
        43  0.2000000E+01  0.5000000E+00 -0.1861541E-01  0.4541449E-01
        44  0.2000000E+01  0.7500000E+00 -0.2817267E-01  0.4627128E-01
        45  0.2000000E+01  0.1000000E+01 -0.3802988E-01  0.4747100E-01
        46  0.2500000E+01 -0.1000000E+01  0.4591427E-01  0.6955705E-01
        47  0.2500000E+01 -0.7500000E+00  0.3408574E-01  0.6845728E-01
        48  0.2500000E+01 -0.5000000E+00  0.2255721E-01  0.6767176E-01
        49  0.2500000E+01 -0.2500000E+00  0.1122861E-01  0.6720048E-01
        50  0.2500000E+01  0.0000000E+00  0.0000000E+00  0.6704337E-01
 FEAP : Cantilever beam with end traction: 16x8 elements                         

     NODAL DISPLACEMENTS     TIME  0.00000E+00
  PROP. LD.  0.10000E+01  0.10000E+01  0.10000E+01  0.10000E+01  0.10000E+01  0.10000E+01  0.10000E+01

      NODE      1 COORD      2 COORD      1 DISPL      2 DISPL
        51  0.2500000E+01  0.2500000E+00 -0.1122861E-01  0.6720048E-01
        52  0.2500000E+01  0.5000000E+00 -0.2255721E-01  0.6767176E-01
        53  0.2500000E+01  0.7500000E+00 -0.3408574E-01  0.6845728E-01
        54  0.2500000E+01  0.1000000E+01 -0.4591427E-01  0.6955705E-01
        55  0.3000000E+01 -0.1000000E+01  0.5311282E-01  0.9541366E-01
        56  0.3000000E+01 -0.7500000E+00  0.3948467E-01  0.9441386E-01
        57  0.3000000E+01 -0.5000000E+00  0.2615647E-01  0.9369971E-01
        58  0.3000000E+01 -0.2500000E+00  0.1302824E-01  0.9327122E-01
        59  0.3000000E+01  0.0000000E+00  0.0000000E+00  0.9312840E-01
        60  0.3000000E+01  0.2500000E+00 -0.1302824E-01  0.9327122E-01
        61  0.3000000E+01  0.5000000E+00 -0.2615647E-01  0.9369971E-01
        62  0.3000000E+01  0.7500000E+00 -0.3948467E-01  0.9441386E-01
        63  0.3000000E+01  0.1000000E+01 -0.5311282E-01  0.9541366E-01
        64  0.3500000E+01 -0.1000000E+01  0.5962579E-01  0.1246981E+00
        65  0.3500000E+01 -0.7500000E+00  0.4436941E-01  0.1237983E+00
        66  0.3500000E+01 -0.5000000E+00  0.2941297E-01  0.1231555E+00
        67  0.3500000E+01 -0.2500000E+00  0.1465649E-01  0.1227699E+00
        68  0.3500000E+01  0.0000000E+00  0.0000000E+00  0.1226414E+00
        69  0.3500000E+01  0.2500000E+00 -0.1465649E-01  0.1227699E+00
        70  0.3500000E+01  0.5000000E+00 -0.2941297E-01  0.1231555E+00
        71  0.3500000E+01  0.7500000E+00 -0.4436941E-01  0.1237983E+00
        72  0.3500000E+01  0.1000000E+01 -0.5962579E-01  0.1246981E+00
        73  0.4000000E+01 -0.1000000E+01  0.6545319E-01  0.1570676E+00
        74  0.4000000E+01 -0.7500000E+00  0.4873996E-01  0.1562678E+00
        75  0.4000000E+01 -0.5000000E+00  0.3232668E-01  0.1556965E+00
        76  0.4000000E+01 -0.2500000E+00  0.1611335E-01  0.1553537E+00
        77  0.4000000E+01  0.0000000E+00  0.0000000E+00  0.1552394E+00
        78  0.4000000E+01  0.2500000E+00 -0.1611335E-01  0.1553537E+00
        79  0.4000000E+01  0.5000000E+00 -0.3232668E-01  0.1556965E+00
        80  0.4000000E+01  0.7500000E+00 -0.4873996E-01  0.1562678E+00
        81  0.4000000E+01  0.1000000E+01 -0.6545319E-01  0.1570676E+00
        82  0.4500000E+01 -0.1000000E+01  0.7059502E-01  0.1921794E+00
        83  0.4500000E+01 -0.7500000E+00  0.5259634E-01  0.1914796E+00
        84  0.4500000E+01 -0.5000000E+00  0.3489759E-01  0.1909797E+00
        85  0.4500000E+01 -0.2500000E+00  0.1739881E-01  0.1906797E+00
        86  0.4500000E+01  0.0000000E+00  0.0000000E+00  0.1905798E+00
        87  0.4500000E+01  0.2500000E+00 -0.1739881E-01  0.1906797E+00
        88  0.4500000E+01  0.5000000E+00 -0.3489759E-01  0.1909797E+00
        89  0.4500000E+01  0.7500000E+00 -0.5259634E-01  0.1914796E+00
        90  0.4500000E+01  0.1000000E+01 -0.7059502E-01  0.1921794E+00
        91  0.5000000E+01 -0.1000000E+01  0.7505127E-01  0.2296908E+00
        92  0.5000000E+01 -0.7500000E+00  0.5593852E-01  0.2290909E+00
        93  0.5000000E+01 -0.5000000E+00  0.3712572E-01  0.2286624E+00
        94  0.5000000E+01 -0.2500000E+00  0.1851287E-01  0.2284053E+00
        95  0.5000000E+01  0.0000000E+00  0.0000000E+00  0.2283196E+00
        96  0.5000000E+01  0.2500000E+00 -0.1851287E-01  0.2284053E+00
        97  0.5000000E+01  0.5000000E+00 -0.3712572E-01  0.2286624E+00
        98  0.5000000E+01  0.7500000E+00 -0.5593852E-01  0.2290909E+00
        99  0.5000000E+01  0.1000000E+01 -0.7505127E-01  0.2296908E+00
       100  0.5500000E+01 -0.1000000E+01  0.7882195E-01  0.2692589E+00
 FEAP : Cantilever beam with end traction: 16x8 elements                         

     NODAL DISPLACEMENTS     TIME  0.00000E+00
  PROP. LD.  0.10000E+01  0.10000E+01  0.10000E+01  0.10000E+01  0.10000E+01  0.10000E+01  0.10000E+01

      NODE      1 COORD      2 COORD      1 DISPL      2 DISPL
       101  0.5500000E+01 -0.7500000E+00  0.5876653E-01  0.2687590E+00
       102  0.5500000E+01 -0.5000000E+00  0.3901105E-01  0.2684019E+00
       103  0.5500000E+01 -0.2500000E+00  0.1945554E-01  0.2681877E+00
       104  0.5500000E+01  0.0000000E+00  0.0000000E+00  0.2681163E+00
       105  0.5500000E+01  0.2500000E+00 -0.1945554E-01  0.2681877E+00
       106  0.5500000E+01  0.5000000E+00 -0.3901105E-01  0.2684019E+00
       107  0.5500000E+01  0.7500000E+00 -0.5876653E-01  0.2687590E+00
       108  0.5500000E+01  0.1000000E+01 -0.7882195E-01  0.2692589E+00
       109  0.6000000E+01 -0.1000000E+01  0.8190704E-01  0.3105409E+00
       110  0.6000000E+01 -0.7500000E+00  0.6108036E-01  0.3101410E+00
       111  0.6000000E+01 -0.5000000E+00  0.4055360E-01  0.3098553E+00
       112  0.6000000E+01 -0.2500000E+00  0.2022682E-01  0.3096839E+00
       113  0.6000000E+01  0.0000000E+00  0.0000000E+00  0.3096268E+00
       114  0.6000000E+01  0.2500000E+00 -0.2022682E-01  0.3096839E+00
       115  0.6000000E+01  0.5000000E+00 -0.4055360E-01  0.3098553E+00
       116  0.6000000E+01  0.7500000E+00 -0.6108036E-01  0.3101410E+00
       117  0.6000000E+01  0.1000000E+01 -0.8190704E-01  0.3105409E+00
       118  0.6500000E+01 -0.1000000E+01  0.8430655E-01  0.3531941E+00
       119  0.6500000E+01 -0.7500000E+00  0.6287997E-01  0.3528942E+00
       120  0.6500000E+01 -0.5000000E+00  0.4175339E-01  0.3526799E+00
       121  0.6500000E+01 -0.2500000E+00  0.2082669E-01  0.3525514E+00
       122  0.6500000E+01  0.0000000E+00  0.0000000E+00  0.3525085E+00
       123  0.6500000E+01  0.2500000E+00 -0.2082669E-01  0.3525514E+00
       124  0.6500000E+01  0.5000000E+00 -0.4175339E-01  0.3526799E+00
       125  0.6500000E+01  0.7500000E+00 -0.6287997E-01  0.3528942E+00
       126  0.6500000E+01  0.1000000E+01 -0.8430655E-01  0.3531941E+00
       127  0.7000000E+01 -0.1000000E+01  0.8602049E-01  0.3968758E+00
       128  0.7000000E+01 -0.7500000E+00  0.6416559E-01  0.3966755E+00
       129  0.7000000E+01 -0.5000000E+00  0.4261024E-01  0.3965328E+00
       130  0.7000000E+01 -0.2500000E+00  0.2125509E-01  0.3964472E+00
       131  0.7000000E+01  0.0000000E+00  0.0000000E+00  0.3964187E+00
       132  0.7000000E+01  0.2500000E+00 -0.2125509E-01  0.3964472E+00
       133  0.7000000E+01  0.5000000E+00 -0.4261024E-01  0.3965328E+00
       134  0.7000000E+01  0.7500000E+00 -0.6416559E-01  0.3966755E+00
       135  0.7000000E+01  0.1000000E+01 -0.8602049E-01  0.3968758E+00
       136  0.7500000E+01 -0.1000000E+01  0.8704917E-01  0.4412414E+00
       137  0.7500000E+01 -0.7500000E+00  0.6493612E-01  0.4411431E+00
       138  0.7500000E+01 -0.5000000E+00  0.4312431E-01  0.4410718E+00
       139  0.7500000E+01 -0.2500000E+00  0.2151231E-01  0.4410287E+00
       140  0.7500000E+01  0.0000000E+00  0.0000000E+00  0.4410143E+00
       141  0.7500000E+01  0.2500000E+00 -0.2151231E-01  0.4410287E+00
       142  0.7500000E+01  0.5000000E+00 -0.4312431E-01  0.4410718E+00
       143  0.7500000E+01  0.7500000E+00 -0.6493612E-01  0.4411431E+00
       144  0.7500000E+01  0.1000000E+01 -0.8704917E-01  0.4412414E+00
       145  0.8000000E+01 -0.1000000E+01  0.8739523E-01  0.4859618E+00
       146  0.8000000E+01 -0.7500000E+00  0.6519399E-01  0.4859533E+00
       147  0.8000000E+01 -0.5000000E+00  0.4329581E-01  0.4859517E+00
       148  0.8000000E+01 -0.2500000E+00  0.2159799E-01  0.4859524E+00
       149  0.8000000E+01  0.0000000E+00  0.0000000E+00  0.4859529E+00
       150  0.8000000E+01  0.2500000E+00 -0.2159799E-01  0.4859524E+00
 FEAP : Cantilever beam with end traction: 16x8 elements                         

     NODAL DISPLACEMENTS     TIME  0.00000E+00
  PROP. LD.  0.10000E+01  0.10000E+01  0.10000E+01  0.10000E+01  0.10000E+01  0.10000E+01  0.10000E+01

      NODE      1 COORD      2 COORD      1 DISPL      2 DISPL
       151  0.8000000E+01  0.5000000E+00 -0.4329581E-01  0.4859517E+00
       152  0.8000000E+01  0.7500000E+00 -0.6519399E-01  0.4859533E+00
       153  0.8000000E+01  0.1000000E+01 -0.8739523E-01  0.4859618E+00
  **MACRO INSTRUCTION   7 **PRTS  DISP  V1=  2.000     ,V2=  0.000    
  **MACRO INSTRUCTION   8 **PRTS        V1=  1.000     ,V2=  0.000    
 --- Output Element Variables ---
 Element Number =            1
 X Coordinate of the Gauss Point =   0.250000000000000     
 Y Coordinate of the Gauss Point =  -0.875000000000000     
 Stress at Gauss Point =    4.91695263845910        19.6139822860202     
  5.382826781615169E-002  0.146681834722543     
 Strain at Gauss Point =   0.000000000000000E+000  1.837128705945144E-002
 -6.078905463303686E-003  3.667045868063577E-004
 --------------------------------
 --- Output Element Variables ---
 Element Number =           17
 X Coordinate of the Gauss Point =   0.250000000000000     
 Y Coordinate of the Gauss Point =  -0.625000000000000     
 Stress at Gauss Point =    3.63187744999271        14.4158555323487     
  0.111654267622163       0.929003556995897     
 Strain at Gauss Point =   0.000000000000000E+000  1.347997260294495E-002
 -4.400278977963180E-003  2.322508892489743E-003
 --------------------------------
 --- Output Element Variables ---
 Element Number =           33
 X Coordinate of the Gauss Point =   0.250000000000000     
 Y Coordinate of the Gauss Point =  -0.375000000000000     
 Stress at Gauss Point =    2.19277549415275        8.68676463671505     
  8.433733989596526E-002   1.36057270582963     
 Strain at Gauss Point =   0.000000000000000E+000  8.117486428202873E-003
 -2.635547692820987E-003  3.401431764574070E-003
 --------------------------------
 --- Output Element Variables ---
 Element Number =           49
 X Coordinate of the Gauss Point =   0.250000000000000     
 Y Coordinate of the Gauss Point =  -0.125000000000000     
 Stress at Gauss Point =   0.732598244238254        2.89975810915660     
  3.063486779642255E-002   1.56294190244888     
 Strain at Gauss Point =   0.000000000000000E+000  2.708949831147926E-003
 -8.774542205522897E-004  3.907354756122191E-003
 --------------------------------
 --- Output Element Variables ---
 Element Number =           65
 X Coordinate of the Gauss Point =   0.250000000000000     
 Y Coordinate of the Gauss Point =   0.125000000000000     
 Stress at Gauss Point =  -0.732598244237960       -2.89975810915546     
 -3.063486779637747E-002   1.56294190244943     
 Strain at Gauss Point =   0.000000000000000E+000 -2.708949831146877E-003
  8.774542205519777E-004  3.907354756123577E-003
 --------------------------------
 --- Output Element Variables ---
 Element Number =           81
 X Coordinate of the Gauss Point =   0.250000000000000     
 Y Coordinate of the Gauss Point =   0.375000000000000     
 Stress at Gauss Point =   -2.19277549415273       -8.68676463671481     
 -8.433733989611891E-002   1.36057270582981     
 Strain at Gauss Point =   0.000000000000000E+000 -8.117486428202600E-003
  2.635547692820768E-003  3.401431764574521E-003
 --------------------------------
 --- Output Element Variables ---
 Element Number =           97
 X Coordinate of the Gauss Point =   0.250000000000000     
 Y Coordinate of the Gauss Point =   0.625000000000000     
 Stress at Gauss Point =   -3.63187744999270       -14.4158555323484     
 -0.111654267622350       0.929003556995886     
 Strain at Gauss Point =   0.000000000000000E+000 -1.347997260294467E-002
  4.400278977962933E-003  2.322508892489715E-003
 --------------------------------
 --- Output Element Variables ---
 Element Number =          113
 X Coordinate of the Gauss Point =   0.250000000000000     
 Y Coordinate of the Gauss Point =   0.875000000000000     
 Stress at Gauss Point =   -4.91695263845885       -19.6139822860192     
 -5.382826781621652E-002  0.146681834722190     
 Strain at Gauss Point =   0.000000000000000E+000 -1.837128705945042E-002
  6.078905463303294E-003  3.667045868054747E-004
 --------------------------------
 --- Output Element Variables ---
 Element Number =            8
 X Coordinate of the Gauss Point =    3.75000000000000     
 Y Coordinate of the Gauss Point =  -0.875000000000000     
 Stress at Gauss Point =    2.71945526868304        10.8778222907826     
 -1.216050421248838E-006  0.359926300847468     
 Strain at Gauss Point =   0.000000000000000E+000  1.019795877762443E-002
 -3.399320605916828E-003  8.998157521186712E-004
 --------------------------------
 --- Output Element Variables ---
 Element Number =           24
 X Coordinate of the Gauss Point =    3.75000000000000     
 Y Coordinate of the Gauss Point =  -0.625000000000000     
 Stress at Gauss Point =    1.94246788369902        7.76987486349608     
 -3.328699989424422E-006  0.908387749499634     
 Strain at Gauss Point =   0.000000000000000E+000  7.284258724746317E-003
 -2.428089015498763E-003  2.270969373749085E-003
 --------------------------------
 --- Output Element Variables ---
 Element Number =           40
 X Coordinate of the Gauss Point =    3.75000000000000     
 Y Coordinate of the Gauss Point =  -0.375000000000000     
 Stress at Gauss Point =    1.16548088395948        4.66192747563307     
 -3.939795172103189E-006   1.27403083293760     
 Strain at Gauss Point =   0.000000000000000E+000  4.370558239591999E-003
 -1.456856029693310E-003  3.185077082344001E-003
 --------------------------------
 --- Output Element Variables ---
 Element Number =           56
 X Coordinate of the Gauss Point =    3.75000000000000     
 Y Coordinate of the Gauss Point =  -0.125000000000000     
 Stress at Gauss Point =   0.388493322071883        1.55397637196408     
 -3.083676545889702E-006   1.45685511671253     
 Strain at Gauss Point =   0.000000000000000E+000  1.456853812365242E-003
 -4.856205071855357E-004  3.642137791781325E-003
 --------------------------------
 --- Output Element Variables ---
 Element Number =           72
 X Coordinate of the Gauss Point =    3.75000000000000     
 Y Coordinate of the Gauss Point =   0.125000000000000     
 Stress at Gauss Point =  -0.388493322071729       -1.55397637196355     
  3.083676632820165E-006   1.45685511671256     
 Strain at Gauss Point =   0.000000000000000E+000 -1.456853812364775E-003
  4.856205071854525E-004  3.642137791781394E-003
 --------------------------------
 --- Output Element Variables ---
 Element Number =           88
 X Coordinate of the Gauss Point =    3.75000000000000     
 Y Coordinate of the Gauss Point =   0.375000000000000     
 Stress at Gauss Point =   -1.16548088395936       -4.66192747563254     
  3.939795115037725E-006   1.27403083293770     
 Strain at Gauss Point =   0.000000000000000E+000 -4.370558239591475E-003
  1.456856029693088E-003  3.185077082344251E-003
 --------------------------------
 --- Output Element Variables ---
 Element Number =          104
 X Coordinate of the Gauss Point =    3.75000000000000     
 Y Coordinate of the Gauss Point =   0.625000000000000     
 Stress at Gauss Point =   -1.94246788369893       -7.76987486349554     
  3.328699813121005E-006  0.908387749499701     
 Strain at Gauss Point =   0.000000000000000E+000 -7.284258724745758E-003
  2.428089015498430E-003  2.270969373749251E-003
 --------------------------------
 --- Output Element Variables ---
 Element Number =          120
 X Coordinate of the Gauss Point =    3.75000000000000     
 Y Coordinate of the Gauss Point =   0.875000000000000     
 Stress at Gauss Point =   -2.71945526868292       -10.8778222907820     
  1.216050321772855E-006  0.359926300847563     
 Strain at Gauss Point =   0.000000000000000E+000 -1.019795877762385E-002
  3.399320605916550E-003  8.998157521189071E-004
 --------------------------------
  **END OF MACRO EXECUTION**


     *** ANALYSIS HAS BEEN COMPLETED
